k1=-0.0995;
k2=-2.1626;
k3=-4.5739;
k4=-9.1333;
tau2=0.0130;
tau3=0.0232;

A = [0, 1, 0; 0, 0, 1; 0, -1/(tau2*tau3), -(tau2+tau3)/(tau2*tau3)]
B = [0; 0; k1*k2*k3*k4/(tau2*tau3)]
C = [1, 0, 0]
D = 0
